20.0 5.03e-08
21.0 4.833e-08
22.0 4.656e-08
23.0 4.542e-08
24.0 4.421e-08
25.0 4.316e-08
26.0 4.261e-08
27.0 4.208e-08
28.0 4.143e-08
29.0 4.058e-08
30.0 4.003e-08
31.0 3.942e-08
32.0 3.906e-08
33.0 3.88e-08
34.0 3.846e-08
35.0 3.833e-08
36.0 3.828e-08
37.0 3.818e-08
38.0 3.796e-08
39.0 3.759e-08
40.0 3.724e-08
41.0 3.703e-08
42.0 3.706e-08
43.0 3.713e-08
44.0 3.712e-08
45.0 3.719e-08
46.0 3.728e-08
47.0 3.731e-08
48.0 3.731e-08
49.0 3.731e-08
50.0 3.727e-08
51.0 3.731e-08
52.0 3.726e-08
53.0 3.704e-08
54.0 3.705e-08
55.0 3.716e-08
56.0 3.735e-08
57.0 3.74e-08
58.0 3.749e-08
59.0 3.755e-08
60.0 3.76e-08
61.0 3.757e-08
62.0 3.762e-08
63.0 3.775e-08
64.0 3.788e-08
65.0 3.807e-08
66.0 3.827e-08
67.0 3.843e-08
68.0 3.857e-08
69.0 3.873e-08
70.0 3.883e-08
71.0 3.897e-08
72.0 3.904e-08
73.0 3.918e-08
74.0 3.937e-08
75.0 3.946e-08
76.0 3.963e-08
77.0 3.973e-08
78.0 3.99e-08
79.0 4.009e-08
80.0 4.028e-08
81.0 4.047e-08
82.0 4.065e-08
83.0 4.083e-08
84.0 4.102e-08
85.0 4.119e-08
86.0 4.135e-08
87.0 4.154e-08
88.0 4.169e-08
89.0 4.184e-08
90.0 4.203e-08
91.0 4.218e-08
92.0 4.235e-08
93.0 4.253e-08
94.0 4.27e-08
95.0 4.288e-08
96.0 4.288e-08
97.0 4.298e-08
98.0 4.31e-08
99.0 4.326e-08
100.0 4.344e-08
101.0 4.361e-08
102.0 4.377e-08
103.0 4.392e-08
104.0 4.399e-08
105.0 4.417e-08
106.0 4.431e-08
107.0 4.448e-08
108.0 4.466e-08
109.0 4.479e-08
110.0 4.497e-08
111.0 4.492e-08
112.0 4.505e-08
113.0 4.511e-08
114.0 4.519e-08
115.0 4.529e-08
116.0 4.546e-08
117.0 4.558e-08
118.0 4.574e-08
119.0 4.591e-08
120.0 4.605e-08
121.0 4.617e-08
122.0 4.622e-08
123.0 4.638e-08
124.0 4.655e-08
125.0 4.667e-08
126.0 4.681e-08
127.0 4.697e-08
128.0 4.711e-08
129.0 4.727e-08
130.0 4.743e-08
131.0 4.755e-08
132.0 4.771e-08
133.0 4.781e-08
134.0 4.797e-08
135.0 4.811e-08
136.0 4.806e-08
137.0 4.813e-08
138.0 4.829e-08
139.0 4.844e-08
140.0 4.855e-08
141.0 4.87e-08
142.0 4.883e-08
143.0 4.894e-08
144.0 4.906e-08
145.0 4.921e-08
146.0 4.936e-08
147.0 4.951e-08
148.0 4.957e-08
149.0 4.964e-08
150.0 4.974e-08
151.0 4.989e-08
152.0 5.003e-08
153.0 5.018e-08
154.0 5.031e-08
155.0 5.046e-08
156.0 5.06e-08
157.0 5.075e-08
158.0 5.09e-08
159.0 5.102e-08
160.0 5.115e-08
161.0 5.129e-08
162.0 5.143e-08
163.0 5.158e-08
164.0 5.172e-08
165.0 5.185e-08
166.0 5.194e-08
167.0 5.203e-08
168.0 5.21e-08
169.0 5.219e-08
170.0 5.229e-08
171.0 5.237e-08
172.0 5.25e-08
173.0 5.263e-08
174.0 5.275e-08
175.0 5.289e-08
176.0 5.302e-08
177.0 5.315e-08
178.0 5.327e-08
179.0 5.338e-08
180.0 5.351e-08
181.0 5.365e-08
182.0 5.378e-08
183.0 5.392e-08
184.0 5.406e-08
185.0 5.419e-08
186.0 5.433e-08
187.0 5.446e-08
188.0 5.459e-08
189.0 5.473e-08
190.0 5.486e-08
191.0 5.5e-08
192.0 5.513e-08
193.0 5.526e-08
194.0 5.539e-08
195.0 5.553e-08
196.0 5.566e-08
197.0 5.579e-08
198.0 5.592e-08
199.0 5.605e-08
200.0 5.618e-08
201.0 5.631e-08
202.0 5.644e-08
203.0 5.656e-08
204.0 5.669e-08
205.0 5.682e-08
206.0 5.695e-08
207.0 5.707e-08
208.0 5.72e-08
209.0 5.732e-08
210.0 5.745e-08
211.0 5.758e-08
212.0 5.771e-08
213.0 5.783e-08
214.0 5.795e-08
215.0 5.807e-08
216.0 5.82e-08
217.0 5.829e-08
218.0 5.839e-08
219.0 5.851e-08
220.0 5.859e-08
221.0 5.871e-08
222.0 5.883e-08
223.0 5.896e-08
224.0 5.907e-08
225.0 5.92e-08
226.0 5.931e-08
227.0 5.941e-08
228.0 5.95e-08
229.0 5.958e-08
230.0 5.969e-08
231.0 5.975e-08
232.0 5.987e-08
233.0 5.996e-08
234.0 6.004e-08
235.0 6.016e-08
236.0 6.023e-08
237.0 6.035e-08
238.0 6.047e-08
239.0 6.059e-08
240.0 6.071e-08
241.0 6.083e-08
242.0 6.094e-08
243.0 6.106e-08
244.0 6.118e-08
245.0 6.13e-08
246.0 6.142e-08
247.0 6.154e-08
248.0 6.165e-08
249.0 6.177e-08
250.0 6.189e-08
251.0 6.2e-08
252.0 6.212e-08
253.0 6.224e-08
254.0 6.235e-08
255.0 6.247e-08
256.0 6.259e-08
257.0 6.27e-08
258.0 6.282e-08
259.0 6.293e-08
260.0 6.305e-08
261.0 6.316e-08
262.0 6.328e-08
263.0 6.339e-08
264.0 6.349e-08
265.0 6.361e-08
266.0 6.372e-08
267.0 6.383e-08
268.0 6.392e-08
269.0 6.403e-08
270.0 6.413e-08
271.0 6.419e-08
272.0 6.43e-08
273.0 6.438e-08
274.0 6.446e-08
275.0 6.453e-08
276.0 6.464e-08
277.0 6.469e-08
278.0 6.48e-08
279.0 6.49e-08
280.0 6.501e-08
281.0 6.509e-08
282.0 6.52e-08
283.0 6.527e-08
284.0 6.538e-08
285.0 6.549e-08
286.0 6.56e-08
287.0 6.566e-08
288.0 6.576e-08
289.0 6.587e-08
290.0 6.598e-08
291.0 6.609e-08
292.0 6.62e-08
293.0 6.63e-08
294.0 6.641e-08
295.0 6.652e-08
296.0 6.662e-08
297.0 6.673e-08
298.0 6.684e-08
299.0 6.695e-08
300.0 6.705e-08
301.0 6.715e-08
302.0 6.726e-08
303.0 6.737e-08
304.0 6.747e-08
305.0 6.755e-08
306.0 6.766e-08
307.0 6.774e-08
308.0 6.785e-08
309.0 6.795e-08
310.0 6.805e-08
311.0 6.816e-08
312.0 6.826e-08
313.0 6.832e-08
314.0 6.843e-08
315.0 6.853e-08
316.0 6.864e-08
317.0 6.874e-08
318.0 6.884e-08
319.0 6.894e-08
320.0 6.904e-08
321.0 6.915e-08
322.0 6.925e-08
323.0 6.935e-08
324.0 6.943e-08
325.0 6.953e-08
326.0 6.964e-08
327.0 6.971e-08
328.0 6.981e-08
329.0 6.991e-08
330.0 7.001e-08
331.0 7.011e-08
332.0 7.021e-08
333.0 7.027e-08
334.0 7.035e-08
335.0 7.045e-08
336.0 7.054e-08
337.0 7.064e-08
338.0 7.074e-08
339.0 7.084e-08
340.0 7.094e-08
341.0 7.104e-08
342.0 7.113e-08
343.0 7.123e-08
344.0 7.132e-08
345.0 7.142e-08
346.0 7.152e-08
347.0 7.162e-08
348.0 7.172e-08
349.0 7.178e-08
350.0 7.188e-08
351.0 7.198e-08
352.0 7.205e-08
353.0 7.214e-08
354.0 7.224e-08
355.0 7.234e-08
356.0 7.243e-08
357.0 7.253e-08
358.0 7.263e-08
359.0 7.273e-08
360.0 7.277e-08
361.0 7.287e-08
362.0 7.297e-08
363.0 7.307e-08
364.0 7.316e-08
365.0 7.326e-08
366.0 7.335e-08
367.0 7.345e-08
368.0 7.354e-08
369.0 7.364e-08
370.0 7.374e-08
371.0 7.383e-08
372.0 7.393e-08
373.0 7.403e-08
374.0 7.412e-08
375.0 7.422e-08
376.0 7.431e-08
377.0 7.441e-08
378.0 7.449e-08
379.0 7.459e-08
380.0 7.468e-08
381.0 7.478e-08
382.0 7.487e-08
383.0 7.497e-08
384.0 7.506e-08
385.0 7.516e-08
386.0 7.525e-08
387.0 7.534e-08
388.0 7.544e-08
389.0 7.553e-08
390.0 7.563e-08
391.0 7.572e-08
392.0 7.581e-08
393.0 7.591e-08
394.0 7.6e-08
395.0 7.61e-08
396.0 7.619e-08
397.0 7.628e-08
398.0 7.638e-08
399.0 7.647e-08
400.0 7.656e-08
401.0 7.665e-08
402.0 7.675e-08
403.0 7.684e-08
404.0 7.693e-08
405.0 7.702e-08
406.0 7.712e-08
407.0 7.721e-08
408.0 7.73e-08
409.0 7.739e-08
410.0 7.748e-08
411.0 7.758e-08
412.0 7.767e-08
413.0 7.776e-08
414.0 7.785e-08
415.0 7.794e-08
416.0 7.803e-08
417.0 7.812e-08
418.0 7.821e-08
419.0 7.83e-08
420.0 7.84e-08
421.0 7.849e-08
422.0 7.858e-08
423.0 7.867e-08
424.0 7.876e-08
425.0 7.885e-08
426.0 7.894e-08
427.0 7.903e-08
428.0 7.912e-08
429.0 7.921e-08
430.0 7.93e-08
431.0 7.939e-08
432.0 7.948e-08
433.0 7.957e-08
434.0 7.965e-08
435.0 7.974e-08
436.0 7.983e-08
437.0 7.992e-08
438.0 8.001e-08
439.0 8.01e-08
440.0 8.019e-08
441.0 8.028e-08
442.0 8.037e-08
443.0 8.045e-08
444.0 8.054e-08
445.0 8.063e-08
446.0 8.072e-08
447.0 8.081e-08
448.0 8.089e-08
449.0 8.098e-08
450.0 8.107e-08
451.0 8.116e-08
452.0 8.125e-08
453.0 8.133e-08
454.0 8.142e-08
455.0 8.151e-08
456.0 8.159e-08
457.0 8.168e-08
458.0 8.177e-08
459.0 8.186e-08
460.0 8.194e-08
461.0 8.203e-08
462.0 8.212e-08
463.0 8.22e-08
464.0 8.229e-08
465.0 8.237e-08
466.0 8.246e-08
467.0 8.255e-08
468.0 8.263e-08
469.0 8.272e-08
470.0 8.281e-08
471.0 8.289e-08
472.0 8.298e-08
473.0 8.306e-08
474.0 8.315e-08
475.0 8.323e-08
476.0 8.332e-08
477.0 8.34e-08
478.0 8.349e-08
479.0 8.357e-08
480.0 8.366e-08
481.0 8.374e-08
482.0 8.383e-08
483.0 8.391e-08
484.0 8.4e-08
485.0 8.408e-08
486.0 8.417e-08
487.0 8.425e-08
488.0 8.434e-08
489.0 8.442e-08
490.0 8.451e-08
491.0 8.459e-08
492.0 8.467e-08
493.0 8.476e-08
494.0 8.484e-08
495.0 8.493e-08
496.0 8.501e-08
497.0 8.509e-08
498.0 8.518e-08
499.0 8.526e-08
500.0 8.534e-08
501.0 8.543e-08
502.0 8.551e-08
503.0 8.559e-08
504.0 8.568e-08
505.0 8.576e-08
506.0 8.584e-08
507.0 8.592e-08
508.0 8.601e-08
509.0 8.609e-08
510.0 8.617e-08
511.0 8.625e-08
512.0 8.634e-08
513.0 8.642e-08
514.0 8.65e-08
515.0 8.658e-08
516.0 8.667e-08
517.0 8.675e-08
518.0 8.683e-08
519.0 8.691e-08
520.0 8.699e-08
521.0 8.707e-08
522.0 8.716e-08
523.0 8.724e-08
524.0 8.732e-08
525.0 8.74e-08
526.0 8.748e-08
527.0 8.756e-08
528.0 8.764e-08
529.0 8.773e-08
530.0 8.781e-08
531.0 8.789e-08
532.0 8.797e-08
533.0 8.805e-08
534.0 8.813e-08
535.0 8.821e-08
536.0 8.829e-08
537.0 8.837e-08
538.0 8.845e-08
539.0 8.853e-08
540.0 8.861e-08
541.0 8.869e-08
542.0 8.877e-08
543.0 8.885e-08
544.0 8.893e-08
545.0 8.901e-08
546.0 8.909e-08
547.0 8.917e-08
548.0 8.925e-08
549.0 8.933e-08
550.0 8.941e-08
551.0 8.949e-08
552.0 8.957e-08
553.0 8.965e-08
554.0 8.972e-08
555.0 8.98e-08
556.0 8.988e-08
557.0 8.996e-08
558.0 9.004e-08
559.0 9.011e-08
560.0 9.019e-08
561.0 9.027e-08
562.0 9.035e-08
563.0 9.043e-08
564.0 9.051e-08
565.0 9.059e-08
566.0 9.066e-08
567.0 9.073e-08
568.0 9.081e-08
569.0 9.089e-08
570.0 9.097e-08
571.0 9.105e-08
572.0 9.112e-08
573.0 9.12e-08
574.0 9.128e-08
575.0 9.136e-08
576.0 9.144e-08
577.0 9.151e-08
578.0 9.159e-08
579.0 9.167e-08
580.0 9.173e-08
581.0 9.18e-08
582.0 9.188e-08
583.0 9.196e-08
584.0 9.204e-08
585.0 9.211e-08
586.0 9.219e-08
587.0 9.227e-08
588.0 9.234e-08
589.0 9.242e-08
590.0 9.25e-08
591.0 9.257e-08
592.0 9.265e-08
593.0 9.271e-08
594.0 9.278e-08
595.0 9.283e-08
596.0 9.291e-08
597.0 9.299e-08
598.0 9.306e-08
599.0 9.314e-08
600.0 9.321e-08
601.0 9.329e-08
602.0 9.337e-08
603.0 9.344e-08
604.0 9.352e-08
605.0 9.359e-08
606.0 9.367e-08
607.0 9.374e-08
608.0 9.382e-08
609.0 9.389e-08
610.0 9.397e-08
611.0 9.404e-08
612.0 9.412e-08
613.0 9.419e-08
614.0 9.427e-08
615.0 9.434e-08
616.0 9.442e-08
617.0 9.449e-08
618.0 9.457e-08
619.0 9.464e-08
620.0 9.472e-08
621.0 9.479e-08
622.0 9.487e-08
623.0 9.49e-08
624.0 9.498e-08
625.0 9.505e-08
626.0 9.513e-08
627.0 9.52e-08
628.0 9.528e-08
629.0 9.535e-08
630.0 9.542e-08
631.0 9.55e-08
632.0 9.557e-08
633.0 9.564e-08
634.0 9.572e-08
635.0 9.579e-08
636.0 9.587e-08
637.0 9.594e-08
638.0 9.601e-08
639.0 9.608e-08
640.0 9.616e-08
641.0 9.623e-08
642.0 9.631e-08
643.0 9.638e-08
644.0 9.645e-08
645.0 9.652e-08
646.0 9.66e-08
647.0 9.667e-08
648.0 9.674e-08
649.0 9.682e-08
650.0 9.689e-08
651.0 9.696e-08
652.0 9.704e-08
653.0 9.711e-08
654.0 9.718e-08
655.0 9.725e-08
656.0 9.733e-08
657.0 9.74e-08
658.0 9.747e-08
659.0 9.755e-08
660.0 9.762e-08
661.0 9.768e-08
662.0 9.775e-08
663.0 9.782e-08
664.0 9.789e-08
665.0 9.796e-08
666.0 9.804e-08
667.0 9.811e-08
668.0 9.818e-08
669.0 9.825e-08
670.0 9.833e-08
671.0 9.84e-08
672.0 9.847e-08
673.0 9.854e-08
674.0 9.861e-08
675.0 9.869e-08
676.0 9.876e-08
677.0 9.883e-08
678.0 9.89e-08
679.0 9.897e-08
680.0 9.904e-08
681.0 9.912e-08
682.0 9.919e-08
683.0 9.926e-08
684.0 9.933e-08
685.0 9.94e-08
686.0 9.947e-08
687.0 9.954e-08
688.0 9.961e-08
689.0 9.968e-08
690.0 9.976e-08
691.0 9.983e-08
692.0 9.99e-08
693.0 9.997e-08
694.0 1e-07
695.0 1.001e-07
696.0 1.001e-07
697.0 1.002e-07
698.0 1.003e-07
699.0 1.004e-07
700.0 1.004e-07
701.0 1.005e-07
702.0 1.006e-07
703.0 1.006e-07
704.0 1.007e-07
705.0 1.008e-07
706.0 1.008e-07
707.0 1.009e-07
708.0 1.01e-07
709.0 1.01e-07
710.0 1.011e-07
711.0 1.012e-07
712.0 1.012e-07
713.0 1.013e-07
714.0 1.014e-07
715.0 1.014e-07
716.0 1.015e-07
717.0 1.016e-07
718.0 1.016e-07
719.0 1.017e-07
720.0 1.018e-07
721.0 1.018e-07
722.0 1.019e-07
723.0 1.02e-07
724.0 1.02e-07
725.0 1.021e-07
726.0 1.022e-07
727.0 1.023e-07
728.0 1.023e-07
729.0 1.024e-07
730.0 1.025e-07
731.0 1.025e-07
732.0 1.026e-07
733.0 1.027e-07
734.0 1.027e-07
735.0 1.028e-07
736.0 1.029e-07
737.0 1.029e-07
738.0 1.03e-07
739.0 1.031e-07
740.0 1.031e-07
741.0 1.032e-07
742.0 1.033e-07
743.0 1.033e-07
744.0 1.034e-07
745.0 1.035e-07
746.0 1.035e-07
747.0 1.036e-07
748.0 1.037e-07
749.0 1.037e-07
750.0 1.038e-07
751.0 1.039e-07
752.0 1.039e-07
753.0 1.04e-07
754.0 1.041e-07
755.0 1.042e-07
756.0 1.042e-07
757.0 1.042e-07
758.0 1.043e-07
759.0 1.044e-07
760.0 1.044e-07
761.0 1.045e-07
762.0 1.046e-07
763.0 1.046e-07
764.0 1.047e-07
765.0 1.048e-07
766.0 1.048e-07
767.0 1.049e-07
768.0 1.05e-07
769.0 1.05e-07
770.0 1.051e-07
771.0 1.052e-07
772.0 1.052e-07
773.0 1.053e-07
774.0 1.054e-07
775.0 1.054e-07
776.0 1.055e-07
777.0 1.056e-07
778.0 1.056e-07
779.0 1.057e-07
780.0 1.058e-07
781.0 1.058e-07
782.0 1.059e-07
783.0 1.06e-07
784.0 1.06e-07
785.0 1.061e-07
786.0 1.062e-07
787.0 1.062e-07
788.0 1.063e-07
789.0 1.063e-07
790.0 1.064e-07
791.0 1.065e-07
792.0 1.065e-07
793.0 1.066e-07
794.0 1.067e-07
795.0 1.067e-07
796.0 1.068e-07
797.0 1.069e-07
798.0 1.069e-07
799.0 1.07e-07
800.0 1.071e-07
801.0 1.071e-07
802.0 1.072e-07
803.0 1.072e-07
804.0 1.073e-07
805.0 1.074e-07
806.0 1.074e-07
807.0 1.075e-07
808.0 1.076e-07
809.0 1.076e-07
810.0 1.077e-07
811.0 1.078e-07
812.0 1.078e-07
813.0 1.078e-07
814.0 1.079e-07
815.0 1.08e-07
816.0 1.08e-07
817.0 1.081e-07
818.0 1.082e-07
819.0 1.082e-07
820.0 1.083e-07
821.0 1.084e-07
822.0 1.084e-07
823.0 1.085e-07
824.0 1.086e-07
825.0 1.086e-07
826.0 1.087e-07
827.0 1.088e-07
828.0 1.088e-07
829.0 1.089e-07
830.0 1.09e-07
831.0 1.09e-07
832.0 1.091e-07
833.0 1.091e-07
834.0 1.092e-07
835.0 1.093e-07
836.0 1.093e-07
837.0 1.094e-07
838.0 1.095e-07
839.0 1.095e-07
840.0 1.096e-07
841.0 1.097e-07
842.0 1.097e-07
843.0 1.098e-07
844.0 1.098e-07
845.0 1.099e-07
846.0 1.1e-07
847.0 1.1e-07
848.0 1.101e-07
849.0 1.102e-07
850.0 1.102e-07
851.0 1.103e-07
852.0 1.104e-07
853.0 1.104e-07
854.0 1.105e-07
855.0 1.106e-07
856.0 1.106e-07
857.0 1.107e-07
858.0 1.107e-07
859.0 1.108e-07
860.0 1.108e-07
861.0 1.109e-07
862.0 1.109e-07
863.0 1.11e-07
864.0 1.111e-07
865.0 1.111e-07
866.0 1.112e-07
867.0 1.112e-07
868.0 1.113e-07
869.0 1.113e-07
870.0 1.113e-07
871.0 1.114e-07
872.0 1.115e-07
873.0 1.115e-07
874.0 1.116e-07
875.0 1.117e-07
876.0 1.117e-07
877.0 1.118e-07
878.0 1.119e-07
879.0 1.119e-07
880.0 1.12e-07
881.0 1.12e-07
882.0 1.121e-07
883.0 1.122e-07
884.0 1.122e-07
885.0 1.123e-07
886.0 1.124e-07
887.0 1.124e-07
888.0 1.125e-07
889.0 1.125e-07
890.0 1.126e-07
891.0 1.126e-07
892.0 1.127e-07
893.0 1.127e-07
894.0 1.128e-07
895.0 1.129e-07
896.0 1.129e-07
897.0 1.13e-07
898.0 1.131e-07
899.0 1.131e-07
900.0 1.132e-07
901.0 1.132e-07
902.0 1.133e-07
903.0 1.134e-07
904.0 1.134e-07
905.0 1.135e-07
906.0 1.135e-07
907.0 1.136e-07
908.0 1.137e-07
909.0 1.137e-07
910.0 1.138e-07
911.0 1.139e-07
912.0 1.139e-07
913.0 1.14e-07
914.0 1.14e-07
915.0 1.141e-07
916.0 1.142e-07
917.0 1.142e-07
918.0 1.143e-07
919.0 1.143e-07
920.0 1.144e-07
921.0 1.145e-07
922.0 1.145e-07
923.0 1.146e-07
924.0 1.146e-07
925.0 1.147e-07
926.0 1.148e-07
927.0 1.148e-07
928.0 1.149e-07
929.0 1.15e-07
930.0 1.15e-07
931.0 1.151e-07
932.0 1.151e-07
933.0 1.152e-07
934.0 1.153e-07
935.0 1.153e-07
936.0 1.154e-07
937.0 1.154e-07
938.0 1.155e-07
939.0 1.156e-07
940.0 1.156e-07
941.0 1.157e-07
942.0 1.157e-07
943.0 1.158e-07
944.0 1.159e-07
945.0 1.159e-07
946.0 1.16e-07
947.0 1.16e-07
948.0 1.161e-07
949.0 1.162e-07
950.0 1.162e-07
951.0 1.163e-07
952.0 1.163e-07
953.0 1.164e-07
954.0 1.165e-07
955.0 1.165e-07
956.0 1.166e-07
957.0 1.167e-07
958.0 1.167e-07
959.0 1.167e-07
960.0 1.168e-07
961.0 1.168e-07
962.0 1.169e-07
963.0 1.169e-07
964.0 1.17e-07
965.0 1.171e-07
966.0 1.171e-07
967.0 1.172e-07
968.0 1.172e-07
969.0 1.173e-07
970.0 1.174e-07
971.0 1.174e-07
972.0 1.175e-07
973.0 1.175e-07
974.0 1.176e-07
975.0 1.177e-07
976.0 1.177e-07
977.0 1.178e-07
978.0 1.178e-07
979.0 1.179e-07
980.0 1.179e-07
981.0 1.18e-07
982.0 1.181e-07
983.0 1.181e-07
984.0 1.182e-07
985.0 1.182e-07
986.0 1.183e-07
987.0 1.183e-07
988.0 1.184e-07
989.0 1.185e-07
990.0 1.185e-07
991.0 1.186e-07
992.0 1.186e-07
993.0 1.187e-07
994.0 1.188e-07
995.0 1.188e-07
996.0 1.189e-07
997.0 1.189e-07
998.0 1.19e-07
999.0 1.19e-07
1000.0 1.191e-07
1001.0 1.192e-07
1002.0 1.192e-07
1003.0 1.193e-07
1004.0 1.193e-07
1005.0 1.194e-07
1006.0 1.195e-07
1007.0 1.195e-07
1008.0 1.196e-07
1009.0 1.196e-07
1010.0 1.197e-07
1011.0 1.197e-07
1012.0 1.198e-07
1013.0 1.199e-07
1014.0 1.199e-07
1015.0 1.2e-07
1016.0 1.2e-07
1017.0 1.201e-07
1018.0 1.202e-07
1019.0 1.202e-07
1020.0 1.203e-07
1021.0 1.203e-07
1022.0 1.204e-07
1023.0 1.204e-07
1024.0 1.205e-07
1025.0 1.205e-07
1026.0 1.206e-07
1027.0 1.207e-07
1028.0 1.207e-07
1029.0 1.208e-07
1030.0 1.208e-07
1031.0 1.209e-07
1032.0 1.209e-07
1033.0 1.21e-07
1034.0 1.211e-07
1035.0 1.211e-07
1036.0 1.212e-07
1037.0 1.212e-07
1038.0 1.213e-07
1039.0 1.214e-07
1040.0 1.214e-07
1041.0 1.215e-07
1042.0 1.215e-07
1043.0 1.216e-07
1044.0 1.216e-07
1045.0 1.217e-07
1046.0 1.218e-07
1047.0 1.218e-07
1048.0 1.219e-07
1049.0 1.219e-07
1050.0 1.22e-07
1051.0 1.22e-07
1052.0 1.221e-07
1053.0 1.222e-07
1054.0 1.222e-07
1055.0 1.223e-07
1056.0 1.223e-07
1057.0 1.224e-07
1058.0 1.224e-07
1059.0 1.225e-07
1060.0 1.226e-07
1061.0 1.226e-07
1062.0 1.227e-07
1063.0 1.227e-07
1064.0 1.228e-07
1065.0 1.228e-07
1066.0 1.229e-07
1067.0 1.23e-07
1068.0 1.23e-07
1069.0 1.231e-07
1070.0 1.231e-07
1071.0 1.232e-07
1072.0 1.232e-07
1073.0 1.233e-07
1074.0 1.234e-07
1075.0 1.234e-07
1076.0 1.235e-07
1077.0 1.235e-07
1078.0 1.236e-07
1079.0 1.236e-07
1080.0 1.237e-07
1081.0 1.238e-07
1082.0 1.238e-07
1083.0 1.239e-07
1084.0 1.239e-07
1085.0 1.24e-07
1086.0 1.24e-07
1087.0 1.241e-07
1088.0 1.241e-07
1089.0 1.242e-07
1090.0 1.243e-07
1091.0 1.243e-07
1092.0 1.244e-07
1093.0 1.244e-07
1094.0 1.245e-07
1095.0 1.245e-07
1096.0 1.246e-07
1097.0 1.247e-07
1098.0 1.247e-07
1099.0 1.248e-07
1100.0 1.248e-07
1101.0 1.249e-07
1102.0 1.249e-07
1103.0 1.25e-07
1104.0 1.25e-07
1105.0 1.251e-07
1106.0 1.252e-07
1107.0 1.252e-07
1108.0 1.253e-07
1109.0 1.253e-07
1110.0 1.254e-07
1111.0 1.254e-07
1112.0 1.255e-07
1113.0 1.256e-07
1114.0 1.256e-07
1115.0 1.257e-07
1116.0 1.257e-07
1117.0 1.258e-07
1118.0 1.258e-07
1119.0 1.259e-07
1120.0 1.259e-07
1121.0 1.26e-07
1122.0 1.26e-07
1123.0 1.261e-07
1124.0 1.262e-07
1125.0 1.262e-07
1126.0 1.263e-07
1127.0 1.263e-07
1128.0 1.264e-07
1129.0 1.264e-07
1130.0 1.265e-07
1131.0 1.265e-07
1132.0 1.266e-07
1133.0 1.266e-07
1134.0 1.267e-07
1135.0 1.267e-07
1136.0 1.268e-07
1137.0 1.268e-07
1138.0 1.269e-07
1139.0 1.269e-07
1140.0 1.27e-07
1141.0 1.271e-07
1142.0 1.271e-07
1143.0 1.272e-07
1144.0 1.272e-07
1145.0 1.273e-07
1146.0 1.273e-07
1147.0 1.274e-07
1148.0 1.274e-07
1149.0 1.275e-07
1150.0 1.276e-07
1151.0 1.276e-07
1152.0 1.277e-07
1153.0 1.277e-07
1154.0 1.278e-07
1155.0 1.278e-07
1156.0 1.279e-07
1157.0 1.279e-07
1158.0 1.28e-07
1159.0 1.28e-07
1160.0 1.281e-07
1161.0 1.281e-07
1162.0 1.282e-07
1163.0 1.282e-07
1164.0 1.283e-07
1165.0 1.283e-07
1166.0 1.284e-07
1167.0 1.285e-07
1168.0 1.285e-07
1169.0 1.286e-07
1170.0 1.286e-07
1171.0 1.287e-07
1172.0 1.287e-07
1173.0 1.288e-07
1174.0 1.288e-07
1175.0 1.289e-07
1176.0 1.289e-07
1177.0 1.29e-07
1178.0 1.291e-07
1179.0 1.291e-07
1180.0 1.292e-07
1181.0 1.292e-07
1182.0 1.293e-07
1183.0 1.293e-07
1184.0 1.294e-07
1185.0 1.294e-07
1186.0 1.295e-07
1187.0 1.295e-07
1188.0 1.296e-07
1189.0 1.296e-07
1190.0 1.297e-07
1191.0 1.298e-07
1192.0 1.298e-07
1193.0 1.299e-07
1194.0 1.299e-07
1195.0 1.3e-07
1196.0 1.3e-07
1197.0 1.301e-07
1198.0 1.301e-07
1199.0 1.302e-07